9.6  0.3  0  1.4  0.056  9  24  0.9970  3.22  0.82  10.3  7
8.8  0.4  0  2.1  0.097  39  145  0.9975  3.04  1.03  9.3  5
6.8  0.5  0  1.5  0.075  16  49  0.9954  3.36  0.79  9.5  5
7.0  0.4  0  1.6  0.088  16  39  0.9961  3.34  0.55  9.2  5
7.0  0.4  0  1.6  0.089  14  37  0.9961  3.34  0.56  9.2  6
12.8  0.3  1  2.6  0.095  9  28  0.9994  3.20  0.77  10.8  7
12.8  0.3  1  2.6  0.095  9  28  0.9994  3.20  0.77  10.8  7
7.8  0.6  0  1.8  0.069  26  120  0.9962  3.29  0.53  9.3  5
7.8  0.4  0  2.7  0.100  18  95  0.9966  3.22  0.67  9.4  5
11.0  0.3  1  2.1  0.054  7  19  0.9980  3.31  0.88  10.5  7
9.7  0.5  1  2.0  0.039  5  19  0.9959  3.30  0.86  12.4  6
8.0  0.7  0  2.8  0.083  10  62  0.9969  3.35  0.56  10.0  6
11.6  0.4  1  2.1  0.059  5  15  0.9980  3.21  0.67  10.2  6
8.2  0.6  0  2.2  0.060  28  65  0.9959  3.30  0.43  10.1  5
7.8  0.7  0  2.4  0.092  10  41  0.9974  3.24  0.71  9.8  6
7.0  0.5  0  5.6  0.060  26  121  0.9974  3.34  0.76  10.5  5
8.7  0.6  0  2.0  0.101  13  49  0.9962  3.14  0.57  11.0  5
8.1  0.7  0  2.2  0.072  11  41  0.9967  3.36  0.55  9.1  5
7.5  0.5  0  1.9  0.076  10  44  0.9957  3.39  0.54  9.7  5
7.8  0.5  0  2.4  0.080  24  144  0.9966  3.30  0.60  9.5  5
7.8  0.3  0  2.0  0.082  24  58  0.9964  3.34  0.59  9.4  6
7.4  0.5  0  2.0  0.101  16  72  0.9957  3.15  0.57  9.4  5
6.8  0.6  0  1.5  0.057  5  10  0.9952  3.42  0.60  9.5  5
8.6  0.6  0  2.0  0.083  8  28  0.9981  3.28  0.60  10.0  6
8.4  0.6  0  2.0  0.089  15  55  0.9974  3.31  0.57  10.4  4
7.7  0.4  0  2.6  0.073  29  63  0.9961  3.37  0.58  10.5  6
8.9  0.6  0  2.0  0.337  27  81  0.9964  3.04  1.61  9.5  6
9.0  0.8  0  2.6  0.089  9  23  0.9984  3.39  0.63  9.8  5
7.7  0.4  0  2.6  0.073  29  63  0.9961  3.37  0.58  10.5  6
6.9  0.5  0  2.6  0.081  10  37  0.9969  3.46  0.50  11.0  5
5.2  0.5  0  1.6  0.054  19  106  0.9927  3.54  0.62  12.2  7
8.0  0.4  0  1.8  0.078  12  49  0.9962  3.37  0.52  9.9  6
8.5  0.4  0  2.8  0.090  18  58  0.9980  3.34  0.70  9.6  6
6.9  0.5  0  2.6  0.081  10  37  0.9969  3.46  0.50  11.0  5
8.2  1.0  0  2.3  0.065  7  37  0.9969  3.32  0.55  9.0  6
7.2  0.6  0  1.9  0.097  14  38  0.9968  3.37  0.58  9.0  6
7.2  0.6  0  1.9  0.097  14  38  0.9968  3.37  0.58  9.0  6
7.2  0.6  0  1.9  0.097  15  39  0.9968  3.37  0.58  9.2  6
7.2  0.6  0  1.9  0.097  14  38  0.9968  3.37  0.58  9.0  6
8.2  1.0  0  2.3  0.065  7  37  0.9969  3.32  0.55  9.0  6
8.9  0.6  0  1.7  0.263  5  62  0.9971  3.00  1.09  9.3  5
12.0  0.4  1  2.1  0.093  6  24  0.9992  3.14  0.71  10.9  6
7.7  0.6  0  1.8  0.102  28  109  0.9957  3.08  0.49  9.8  6
15.0  0.2  0  2.2  0.075  10  24  1.0001  3.07  0.84  9.2  7
15.0  0.2  0  2.2  0.075  10  24  1.0001  3.07  0.84  9.2  7
7.3  0.7  0  2.0  0.084  6  23  0.9983  3.61  0.96  9.9  6
7.1  0.7  0  1.9  0.075  16  51  0.9969  3.38  0.52  9.5  5
8.2  0.6  0  2.3  0.072  11  73  0.9963  3.20  0.45  9.3  5
7.7  0.5  0  1.7  0.074  9  39  0.9961  3.35  0.48  9.8  6
7.3  0.7  0  2.0  0.084  6  23  0.9983  3.61  0.96  9.9  6
