10.8  0.3  0  1.6  0.063  16  37  0.9985  3.22  0.78  10.0  6
7.1  0.6  0  1.8  0.074  16  34  0.9972  3.47  0.70  9.9  6
11.1  0.3  0  3.1  0.090  5  21  0.9986  3.17  0.53  10.5  5
7.7  0.8  0  1.9  0.092  8  86  0.9959  3.23  0.59  9.5  5
7.1  0.6  0  1.8  0.074  16  34  0.9972  3.47  0.70  9.9  6
8.0  0.6  0  3.2  0.073  17  119  0.9968  3.26  0.57  9.3  5
9.4  0.3  0  2.2  0.075  5  13  0.9980  3.22  0.62  9.2  5
6.6  0.7  0  2.1  0.075  12  56  0.9968  3.49  0.67  9.2  5
7.7  0.4  1  1.8  0.611  8  45  0.9968  3.06  1.26  9.4  5
10.0  0.3  0  2.6  0.085  14  33  0.9997  3.36  0.80  10.5  7
7.9  0.3  0  1.7  0.077  18  45  0.9962  3.29  0.65  9.3  5
7.0  1.0  0  2.0  0.087  12  67  0.9957  3.35  0.60  9.4  4
8.0  0.5  0  1.7  0.070  10  35  0.9958  3.34  0.57  10.0  5
7.9  0.4  0  1.8  0.077  23  49  0.9963  3.28  0.67  9.3  5
12.5  0.6  0  2.4  0.064  5  27  0.9999  3.08  0.87  10.9  5
11.8  0.3  1  1.8  0.071  6  10  0.9968  3.20  0.72  10.2  7
8.1  0.9  0  3.3  0.096  26  61  1.0003  3.60  0.72  9.8  4
7.9  0.3  0  3.6  0.078  15  37  0.9973  3.35  0.86  12.8  8
6.9  0.5  0  3.0  0.077  7  27  0.9987  3.69  0.91  9.4  6
11.5  0.2  1  4.0  0.104  4  23  0.9996  3.28  0.97  10.1  6
7.9  0.5  0  4.0  0.087  27  61  0.9965  3.36  0.67  10.7  6
11.5  0.2  1  4.0  0.104  4  23  0.9996  3.28  0.97  10.1  6
10.9  0.4  1  4.0  0.071  17  65  0.9993  3.22  0.78  10.1  5
8.4  0.7  0  2.4  0.076  10  38  0.9973  3.31  0.64  9.4  5
7.5  0.7  0  7.0  0.088  27  94  0.9991  3.38  0.77  9.4  5
